pd_id=0
[[22, 20, 1, 19], [4, 22, 5, 21], [10, 5, 11, 6], [8, 1, 9, 2], [2, 9, 3, 10], [14, 7, 15, 8], [18, 16, 19, 15], [16, 12, 17, 11], [12, 18, 13, 17], [6, 13, 7, 14], [20, 4, 21, 3]]

pd_id=1
[[22, 20, 1, 19], [4, 22, 5, 21], [10, 5, 11, 6], [8, 1, 9, 2], [2, 9, 3, 10], [16, 7, 17, 8], [14, 12, 15, 11], [18, 14, 19, 13], [12, 18, 13, 17], [6, 15, 7, 16], [20, 4, 21, 3]]

pd_id=2
[[22, 20, 1, 19], [4, 22, 5, 21], [18, 13, 19, 14], [14, 1, 15, 2], [2, 15, 3, 16], [8, 17, 9, 18], [12, 10, 13, 9], [10, 6, 11, 5], [6, 12, 7, 11], [16, 7, 17, 8], [20, 4, 21, 3]]

pd_id=3
[[22, 20, 1, 19], [4, 22, 5, 21], [18, 13, 19, 14], [14, 1, 15, 2], [2, 15, 3, 16], [10, 17, 11, 18], [8, 6, 9, 5], [12, 8, 13, 7], [6, 12, 7, 11], [16, 9, 17, 10], [20, 4, 21, 3]]

pd_id=4
[[22, 4, 1, 3], [2, 8, 3, 7], [16, 21, 17, 22], [18, 5, 19, 6], [4, 17, 5, 18], [12, 19, 13, 20], [8, 12, 9, 11], [10, 16, 11, 15], [14, 10, 15, 9], [20, 13, 21, 14], [6, 2, 7, 1]]

pd_id=5
[[22, 4, 1, 3], [2, 8, 3, 7], [16, 21, 17, 22], [18, 5, 19, 6], [4, 17, 5, 18], [10, 19, 11, 20], [12, 16, 13, 15], [8, 14, 9, 13], [14, 10, 15, 9], [20, 11, 21, 12], [6, 2, 7, 1]]

pd_id=6
[[22, 4, 1, 3], [2, 8, 3, 7], [8, 13, 9, 14], [12, 5, 13, 6], [4, 11, 5, 12], [18, 9, 19, 10], [14, 18, 15, 17], [16, 22, 17, 21], [20, 16, 21, 15], [10, 19, 11, 20], [6, 2, 7, 1]]

pd_id=7
[[22, 4, 1, 3], [2, 8, 3, 7], [8, 13, 9, 14], [12, 5, 13, 6], [4, 11, 5, 12], [16, 9, 17, 10], [18, 22, 19, 21], [14, 20, 15, 19], [20, 16, 21, 15], [10, 17, 11, 18], [6, 2, 7, 1]]

pd_id=8
[[1, 5, 2, 4], [19, 3, 20, 2], [7, 18, 8, 19], [9, 22, 10, 1], [21, 8, 22, 9], [13, 6, 14, 7], [17, 15, 18, 14], [15, 11, 16, 10], [11, 17, 12, 16], [5, 12, 6, 13], [3, 21, 4, 20]]

pd_id=9
[[1, 5, 2, 4], [19, 3, 20, 2], [7, 18, 8, 19], [9, 22, 10, 1], [21, 8, 22, 9], [15, 6, 16, 7], [13, 11, 14, 10], [17, 13, 18, 12], [11, 17, 12, 16], [5, 14, 6, 15], [3, 21, 4, 20]]

pd_id=10
[[1, 5, 2, 4], [19, 3, 20, 2], [5, 16, 6, 17], [15, 22, 16, 1], [21, 14, 22, 15], [9, 18, 10, 19], [13, 11, 14, 10], [11, 7, 12, 6], [7, 13, 8, 12], [17, 8, 18, 9], [3, 21, 4, 20]]

pd_id=11
[[1, 5, 2, 4], [19, 3, 20, 2], [5, 16, 6, 17], [15, 22, 16, 1], [21, 14, 22, 15], [11, 18, 12, 19], [9, 7, 10, 6], [13, 9, 14, 8], [7, 13, 8, 12], [17, 10, 18, 11], [3, 21, 4, 20]]

pd_id=12
[[22, 4, 1, 3], [2, 8, 3, 7], [10, 21, 11, 22], [12, 5, 13, 6], [4, 11, 5, 12], [16, 9, 17, 10], [20, 18, 21, 17], [18, 14, 19, 13], [14, 20, 15, 19], [8, 15, 9, 16], [6, 2, 7, 1]]

pd_id=13
[[22, 4, 1, 3], [2, 8, 3, 7], [10, 21, 11, 22], [12, 5, 13, 6], [4, 11, 5, 12], [18, 9, 19, 10], [16, 14, 17, 13], [20, 16, 21, 15], [14, 20, 15, 19], [8, 17, 9, 18], [6, 2, 7, 1]]

pd_id=14
[[22, 4, 1, 3], [2, 8, 3, 7], [8, 19, 9, 20], [18, 5, 19, 6], [4, 17, 5, 18], [12, 21, 13, 22], [16, 14, 17, 13], [14, 10, 15, 9], [10, 16, 11, 15], [20, 11, 21, 12], [6, 2, 7, 1]]

pd_id=15
[[22, 4, 1, 3], [2, 8, 3, 7], [8, 19, 9, 20], [18, 5, 19, 6], [4, 17, 5, 18], [14, 21, 15, 22], [12, 10, 13, 9], [16, 12, 17, 11], [10, 16, 11, 15], [20, 13, 21, 14], [6, 2, 7, 1]]

pd_id=16
[[4, 2, 5, 1], [8, 4, 9, 3], [14, 9, 15, 10], [12, 5, 13, 6], [6, 13, 7, 14], [18, 11, 19, 12], [22, 20, 1, 19], [20, 16, 21, 15], [16, 22, 17, 21], [10, 17, 11, 18], [2, 8, 3, 7]]

